GoldenEyeDiagnostic 0.0.2
ROM: 007 - GoldenEye (USA)
Hash: ABE01E4AEB033B6C0836819F549C791B26CFDE83
CSV: .\demonstrations\session-20260727-234451-frames.csv
Frames uteis: 1003
Frame inicial do emulador: 2777

replay_index,emu_frame,source_relative_frame,event
1,2777,272,START
2,2778,273,
3,2779,274,
4,2780,275,
5,2781,276,
6,2782,277,
7,2783,278,
8,2784,279,
9,2785,280,
10,2786,281,
11,2787,282,
12,2788,283,
13,2789,284,
14,2790,285,
15,2791,286,
16,2792,287,
17,2793,288,
18,2794,289,
19,2795,290,
20,2796,291,
21,2797,292,
22,2798,293,
23,2799,294,
24,2800,295,
25,2801,296,
26,2802,297,
27,2803,298,
28,2804,299,
29,2805,300,
30,2806,301,
31,2807,302,
32,2808,303,
33,2809,304,
34,2810,305,
35,2811,306,
36,2812,307,
37,2813,308,
38,2814,309,
39,2815,310,
40,2816,311,
41,2817,312,
42,2818,313,
43,2819,314,
44,2820,315,
45,2821,316,
46,2822,317,
47,2823,318,
48,2824,319,
49,2825,320,
50,2826,321,
51,2827,322,
52,2828,323,
53,2829,324,
54,2830,325,
55,2831,326,
56,2832,327,
57,2833,328,
58,2834,329,
59,2835,330,
60,2836,331,
61,2837,332,
62,2838,333,
63,2839,334,
64,2840,335,
65,2841,336,
66,2842,337,
67,2843,338,
68,2844,339,
69,2845,340,
70,2846,341,
71,2847,342,
72,2848,343,
73,2849,344,
74,2850,345,
75,2851,346,
76,2852,347,
77,2853,348,
78,2854,349,
79,2855,350,
80,2856,351,
81,2857,352,
82,2858,353,
83,2859,354,
84,2860,355,
85,2861,356,
86,2862,357,
87,2863,358,
88,2864,359,
89,2865,360,
90,2866,361,
91,2867,362,
92,2868,363,
93,2869,364,
94,2870,365,
95,2871,366,
96,2872,367,
97,2873,368,
98,2874,369,
99,2875,370,
100,2876,371,
101,2877,372,
102,2878,373,
103,2879,374,
104,2880,375,
105,2881,376,
106,2882,377,
107,2883,378,
108,2884,379,
109,2885,380,
110,2886,381,
111,2887,382,
112,2888,383,
113,2889,384,
114,2890,385,
115,2891,386,
116,2892,387,
117,2893,388,
118,2894,389,
119,2895,390,
120,2896,391,
121,2897,392,
122,2898,393,
123,2899,394,
124,2900,395,
125,2901,396,
126,2902,397,
127,2903,398,
128,2904,399,
129,2905,400,
130,2906,401,
131,2907,402,
132,2908,403,
133,2909,404,
134,2910,405,
135,2911,406,
136,2912,407,
137,2913,408,
138,2914,409,
139,2915,410,
140,2916,411,
141,2917,412,
142,2918,413,
143,2919,414,
144,2920,415,
145,2921,416,
146,2922,417,
147,2923,418,
148,2924,419,
149,2925,420,
150,2926,421,
151,2927,422,
152,2928,423,
153,2929,424,
154,2930,425,
155,2931,426,
156,2932,427,
157,2933,428,
158,2934,429,
159,2935,430,
160,2936,431,
161,2937,432,
162,2938,433,
163,2939,434,
164,2940,435,
165,2941,436,
166,2942,437,
167,2943,438,
168,2944,439,
169,2945,440,
170,2946,441,
171,2947,442,
172,2948,443,
173,2949,444,
174,2950,445,
175,2951,446,
176,2952,447,
177,2953,448,
178,2954,449,
179,2955,450,
180,2956,451,
181,2957,452,
182,2958,453,
183,2959,454,
184,2960,455,
185,2961,456,
186,2962,457,
187,2963,458,
188,2964,459,
189,2965,460,
190,2966,461,
191,2967,462,
192,2968,463,
193,2969,464,
194,2970,465,
195,2971,466,
196,2972,467,
197,2973,468,
198,2974,469,
199,2975,470,
200,2976,471,
201,2977,472,
202,2978,473,
203,2979,474,
204,2980,475,
205,2981,476,
206,2982,477,
207,2983,478,
208,2984,479,
209,2985,480,
210,2986,481,
211,2987,482,
212,2988,483,
213,2989,484,
214,2990,485,
215,2991,486,
216,2992,487,
217,2993,488,
218,2994,489,
219,2995,490,
220,2996,491,
221,2997,492,
222,2998,493,
223,2999,494,
224,3000,495,
225,3001,496,
226,3002,497,
227,3003,498,
228,3004,499,
229,3005,500,
230,3006,501,
231,3007,502,
232,3008,503,
233,3009,504,
234,3010,505,
235,3011,506,
236,3012,507,
237,3013,508,
238,3014,509,
239,3015,510,
240,3016,511,
241,3017,512,
242,3018,513,
243,3019,514,
244,3020,515,
245,3021,516,
246,3022,517,
247,3023,518,
248,3024,519,
249,3025,520,
250,3026,521,
251,3027,522,
252,3028,523,
253,3029,524,
254,3030,525,
255,3031,526,
256,3032,527,
257,3033,528,
258,3034,529,
259,3035,530,
260,3036,531,
261,3037,532,
262,3038,533,
263,3039,534,
264,3040,535,
265,3041,536,
266,3042,537,
267,3043,538,
268,3044,539,
269,3045,540,
270,3046,541,
271,3047,542,
272,3048,543,
273,3049,544,
274,3050,545,
275,3051,546,
276,3052,547,
277,3053,548,
278,3054,549,
279,3055,550,
280,3056,551,
281,3057,552,
282,3058,553,
283,3059,554,
284,3060,555,
285,3061,556,
286,3062,557,
287,3063,558,
288,3064,559,
289,3065,560,
290,3066,561,
291,3067,562,
292,3068,563,
293,3069,564,
294,3070,565,
295,3071,566,
296,3072,567,
297,3073,568,
298,3074,569,
299,3075,570,
300,3076,571,
301,3077,572,
302,3078,573,
303,3079,574,
304,3080,575,
305,3081,576,
306,3082,577,
307,3083,578,
308,3084,579,
309,3085,580,
310,3086,581,
311,3087,582,
312,3088,583,
313,3089,584,
314,3090,585,
315,3091,586,
316,3092,587,
317,3093,588,
318,3094,589,
319,3095,590,
320,3096,591,
321,3097,592,
322,3098,593,
323,3099,594,
324,3100,595,
325,3101,596,
326,3102,597,
327,3103,598,
328,3104,599,
329,3105,600,
330,3106,601,
331,3107,602,
332,3108,603,
333,3109,604,
334,3110,605,
335,3111,606,
336,3112,607,
337,3113,608,
338,3114,609,
339,3115,610,SOLDIER_VISIBLE
340,3116,611,
341,3117,612,
342,3118,613,
343,3119,614,
344,3120,615,
345,3121,616,
346,3122,617,
347,3123,618,
348,3124,619,
349,3125,620,
350,3126,621,
351,3127,622,
352,3128,623,
353,3129,624,
354,3130,625,
355,3131,626,
356,3132,627,
357,3133,628,
358,3134,629,
359,3135,630,
360,3136,631,
361,3137,632,
362,3138,633,
363,3139,634,
364,3140,635,
365,3141,636,
366,3142,637,
367,3143,638,
368,3144,639,
369,3145,640,
370,3146,641,
371,3147,642,
372,3148,643,
373,3149,644,
374,3150,645,
375,3151,646,
376,3152,647,
377,3153,648,
378,3154,649,
379,3155,650,
380,3156,651,
381,3157,652,
382,3158,653,
383,3159,654,
384,3160,655,
385,3161,656,
386,3162,657,
387,3163,658,
388,3164,659,
389,3165,660,
390,3166,661,
391,3167,662,
392,3168,663,
393,3169,664,
394,3170,665,
395,3171,666,
396,3172,667,
397,3173,668,
398,3174,669,
399,3175,670,
400,3176,671,
401,3177,672,
402,3178,673,
403,3179,674,
404,3180,675,
405,3181,676,
406,3182,677,
407,3183,678,
408,3184,679,
409,3185,680,
410,3186,681,
411,3187,682,
412,3188,683,
413,3189,684,
414,3190,685,
415,3191,686,
416,3192,687,
417,3193,688,
418,3194,689,
419,3195,690,
420,3196,691,
421,3197,692,
422,3198,693,
423,3199,694,
424,3200,695,
425,3201,696,
426,3202,697,
427,3203,698,
428,3204,699,
429,3205,700,
430,3206,701,
431,3207,702,
432,3208,703,
433,3209,704,
434,3210,705,
435,3211,706,
436,3212,707,
437,3213,708,
438,3214,709,
439,3215,710,
440,3216,711,
441,3217,712,
442,3218,713,
443,3219,714,
444,3220,715,
445,3221,716,
446,3222,717,
447,3223,718,
448,3224,719,
449,3225,720,
450,3226,721,
451,3227,722,
452,3228,723,
453,3229,724,
454,3230,725,
455,3231,726,
456,3232,727,
457,3233,728,
458,3234,729,
459,3235,730,
460,3236,731,
461,3237,732,
462,3238,733,
463,3239,734,
464,3240,735,
465,3241,736,
466,3242,737,
467,3243,738,
468,3244,739,
469,3245,740,
470,3246,741,
471,3247,742,
472,3248,743,
473,3249,744,
474,3250,745,
475,3251,746,
476,3252,747,
477,3253,748,
478,3254,749,
479,3255,750,
480,3256,751,
481,3257,752,
482,3258,753,
483,3259,754,
484,3260,755,
485,3261,756,
486,3262,757,
487,3263,758,
488,3264,759,
489,3265,760,
490,3266,761,
491,3267,762,
492,3268,763,
493,3269,764,
494,3270,765,
495,3271,766,
496,3272,767,
497,3273,768,
498,3274,769,
499,3275,770,
500,3276,771,
501,3277,772,
502,3278,773,
503,3279,774,
504,3280,775,
505,3281,776,
506,3282,777,
507,3283,778,
508,3284,779,
509,3285,780,
510,3286,781,
511,3287,782,
512,3288,783,
513,3289,784,
514,3290,785,
515,3291,786,
516,3292,787,
517,3293,788,
518,3294,789,
519,3295,790,
520,3296,791,
521,3297,792,
522,3298,793,
523,3299,794,
524,3300,795,
525,3301,796,
526,3302,797,
527,3303,798,
528,3304,799,
529,3305,800,
530,3306,801,
531,3307,802,
532,3308,803,
533,3309,804,
534,3310,805,
535,3311,806,
536,3312,807,
537,3313,808,
538,3314,809,
539,3315,810,
540,3316,811,
541,3317,812,
542,3318,813,
543,3319,814,
544,3320,815,
545,3321,816,
546,3322,817,
547,3323,818,
548,3324,819,
549,3325,820,
550,3326,821,
551,3327,822,
552,3328,823,
553,3329,824,
554,3330,825,
555,3331,826,
556,3332,827,
557,3333,828,
558,3334,829,
559,3335,830,
560,3336,831,
561,3337,832,
562,3338,833,
563,3339,834,
564,3340,835,
565,3341,836,
566,3342,837,
567,3343,838,
568,3344,839,
569,3345,840,
570,3346,841,
571,3347,842,
572,3348,843,
573,3349,844,
574,3350,845,
575,3351,846,
576,3352,847,
577,3353,848,
578,3354,849,
579,3355,850,
580,3356,851,
581,3357,852,
582,3358,853,
583,3359,854,
584,3360,855,
585,3361,856,
586,3362,857,
587,3363,858,
588,3364,859,
589,3365,860,
590,3366,861,
591,3367,862,
592,3368,863,
593,3369,864,
594,3370,865,
595,3371,866,
596,3372,867,
597,3373,868,
598,3374,869,
599,3375,870,
600,3376,871,
601,3377,872,
602,3378,873,
603,3379,874,
604,3380,875,
605,3381,876,
606,3382,877,
607,3383,878,
608,3384,879,
609,3385,880,
610,3386,881,
611,3387,882,
612,3388,883,
613,3389,884,
614,3390,885,
615,3391,886,
616,3392,887,
617,3393,888,
618,3394,889,
619,3395,890,
620,3396,891,
621,3397,892,
622,3398,893,
623,3399,894,
624,3400,895,
625,3401,896,
626,3402,897,
627,3403,898,
628,3404,899,
629,3405,900,
630,3406,901,
631,3407,902,
632,3408,903,
633,3409,904,
634,3410,905,
635,3411,906,
636,3412,907,
637,3413,908,
638,3414,909,
639,3415,910,
640,3416,911,
641,3417,912,
642,3418,913,
643,3419,914,
644,3420,915,
645,3421,916,
646,3422,917,
647,3423,918,
648,3424,919,
649,3425,920,
650,3426,921,
651,3427,922,
652,3428,923,
653,3429,924,
654,3430,925,
655,3431,926,
656,3432,927,
657,3433,928,
658,3434,929,
659,3435,930,
660,3436,931,
661,3437,932,
662,3438,933,
663,3439,934,
664,3440,935,
665,3441,936,
666,3442,937,
667,3443,938,
668,3444,939,
669,3445,940,
670,3446,941,
671,3447,942,
672,3448,943,
673,3449,944,
674,3450,945,
675,3451,946,
676,3452,947,
677,3453,948,
678,3454,949,
679,3455,950,
680,3456,951,
681,3457,952,
682,3458,953,
683,3459,954,
684,3460,955,
685,3461,956,
686,3462,957,
687,3463,958,
688,3464,959,
689,3465,960,
690,3466,961,
691,3467,962,
692,3468,963,
693,3469,964,
694,3470,965,
695,3471,966,
696,3472,967,
697,3473,968,
698,3474,969,
699,3475,970,
700,3476,971,
701,3477,972,
702,3478,973,
703,3479,974,
704,3480,975,
705,3481,976,
706,3482,977,
707,3483,978,
708,3484,979,
709,3485,980,
710,3486,981,
711,3487,982,
712,3488,983,
713,3489,984,
714,3490,985,
715,3491,986,
716,3492,987,
717,3493,988,
718,3494,989,
719,3495,990,
720,3496,991,
721,3497,992,
722,3498,993,
723,3499,994,
724,3500,995,
725,3501,996,
726,3502,997,
727,3503,998,
728,3504,999,
729,3505,1000,
730,3506,1001,
731,3507,1002,
732,3508,1003,
733,3509,1004,
734,3510,1005,
735,3511,1006,
736,3512,1007,
737,3513,1008,
738,3514,1009,
739,3515,1010,
740,3516,1011,
741,3517,1012,
742,3518,1013,
743,3519,1014,
744,3520,1015,
745,3521,1016,
746,3522,1017,
747,3523,1018,
748,3524,1019,
749,3525,1020,
750,3526,1021,
751,3527,1022,
752,3528,1023,
753,3529,1024,
754,3530,1025,
755,3531,1026,
756,3532,1027,
757,3533,1028,
758,3534,1029,
759,3535,1030,
760,3536,1031,
761,3537,1032,
762,3538,1033,
763,3539,1034,
764,3540,1035,
765,3541,1036,
766,3542,1037,
767,3543,1038,
768,3544,1039,
769,3545,1040,
770,3546,1041,
771,3547,1042,
772,3548,1043,
773,3549,1044,
774,3550,1045,
775,3551,1046,
776,3552,1047,
777,3553,1048,
778,3554,1049,
779,3555,1050,
780,3556,1051,
781,3557,1052,
782,3558,1053,
783,3559,1054,
784,3560,1055,
785,3561,1056,
786,3562,1057,
787,3563,1058,
788,3564,1059,
789,3565,1060,
790,3566,1061,
791,3567,1062,
792,3568,1063,
793,3569,1064,
794,3570,1065,
795,3571,1066,
796,3572,1067,
797,3573,1068,
798,3574,1069,
799,3575,1070,
800,3576,1071,
801,3577,1072,
802,3578,1073,
803,3579,1074,
804,3580,1075,
805,3581,1076,
806,3582,1077,
807,3583,1078,
808,3584,1079,
809,3585,1080,
810,3586,1081,
811,3587,1082,
812,3588,1083,
813,3589,1084,
814,3590,1085,
815,3591,1086,
816,3592,1087,
817,3593,1088,
818,3594,1089,
819,3595,1090,
820,3596,1091,
821,3597,1092,
822,3598,1093,
823,3599,1094,
824,3600,1095,
825,3601,1096,
826,3602,1097,
827,3603,1098,
828,3604,1099,
829,3605,1100,
830,3606,1101,
831,3607,1102,
832,3608,1103,
833,3609,1104,
834,3610,1105,
835,3611,1106,
836,3612,1107,
837,3613,1108,
838,3614,1109,
839,3615,1110,
840,3616,1111,
841,3617,1112,
842,3618,1113,
843,3619,1114,
844,3620,1115,
845,3621,1116,
846,3622,1117,
847,3623,1118,
848,3624,1119,
849,3625,1120,
850,3626,1121,
851,3627,1122,
852,3628,1123,
853,3629,1124,
854,3630,1125,
855,3631,1126,
856,3632,1127,
857,3633,1128,
858,3634,1129,
859,3635,1130,
860,3636,1131,
861,3637,1132,
862,3638,1133,
863,3639,1134,
864,3640,1135,
865,3641,1136,
866,3642,1137,
867,3643,1138,
868,3644,1139,
869,3645,1140,
870,3646,1141,
871,3647,1142,
872,3648,1143,SHOT
873,3649,1144,
874,3650,1145,
875,3651,1146,
876,3652,1147,
877,3653,1148,
878,3654,1149,
879,3655,1150,
880,3656,1151,
881,3657,1152,
882,3658,1153,
883,3659,1154,
884,3660,1155,
885,3661,1156,
886,3662,1157,
887,3663,1158,
888,3664,1159,
889,3665,1160,
890,3666,1161,
891,3667,1162,
892,3668,1163,
893,3669,1164,
894,3670,1165,
895,3671,1166,
896,3672,1167,
897,3673,1168,
898,3674,1169,
899,3675,1170,
900,3676,1171,
901,3677,1172,
902,3678,1173,
903,3679,1174,
904,3680,1175,
905,3681,1176,
906,3682,1177,
907,3683,1178,
908,3684,1179,
909,3685,1180,
910,3686,1181,
911,3687,1182,
912,3688,1183,
913,3689,1184,
914,3690,1185,
915,3691,1186,
916,3692,1187,
917,3693,1188,
918,3694,1189,
919,3695,1190,
920,3696,1191,
921,3697,1192,
922,3698,1193,
923,3699,1194,
924,3700,1195,
925,3701,1196,
926,3702,1197,
927,3703,1198,
928,3704,1199,
929,3705,1200,
930,3706,1201,
931,3707,1202,
932,3708,1203,
933,3709,1204,
934,3710,1205,
935,3711,1206,
936,3712,1207,
937,3713,1208,
938,3714,1209,
939,3715,1210,
940,3716,1211,
941,3717,1212,
942,3718,1213,
943,3719,1214,
944,3720,1215,
945,3721,1216,
946,3722,1217,
947,3723,1218,
948,3724,1219,
949,3725,1220,
950,3726,1221,
951,3727,1222,
952,3728,1223,
953,3729,1224,
954,3730,1225,
955,3731,1226,
956,3732,1227,
957,3733,1228,
958,3734,1229,
959,3735,1230,
960,3736,1231,
961,3737,1232,
962,3738,1233,
963,3739,1234,
964,3740,1235,
965,3741,1236,
966,3742,1237,
967,3743,1238,
968,3744,1239,
969,3745,1240,
970,3746,1241,
971,3747,1242,
972,3748,1243,
973,3749,1244,
974,3750,1245,
975,3751,1246,
976,3752,1247,
977,3753,1248,
978,3754,1249,
979,3755,1250,
980,3756,1251,
981,3757,1252,
982,3758,1253,
983,3759,1254,
984,3760,1255,
985,3761,1256,
986,3762,1257,
987,3763,1258,
988,3764,1259,
989,3765,1260,
990,3766,1261,
991,3767,1262,
992,3768,1263,
993,3769,1264,
994,3770,1265,
995,3771,1266,
996,3772,1267,
997,3773,1268,
998,3774,1269,
999,3775,1270,
1000,3776,1271,
1001,3777,1272,
1002,3778,1273,
1003,3779,1274,SOLDIER_DEAD

Motivo do encerramento: SOLDIER_DEAD_REACHED
Frames aplicados: 1003
Frame final do emulador: 3780
